CCTV-1--11-36-54-06-4.mpg
486
18.800
589756
CCTV-1--11-34-33-10-3.mpg
106
4.529
845436
CCTV-1--12-09-33-10-3.mpg
407
16.304
769296
CCTV-1--12-09-57=04-3.mpg
338
13.713
6392
CCTV-4--08-42-43-02-4.mp
556
22.209
1077240
CCTV_4-12-14-56-000.mpg
455
15.470
43052
CCTV_4-12-14-56-001.mpg
40
1.330
520196
CCTV_4-12-18-27-007.mpg
438
14.931
379384
CCTV_4-12-18-27-008.mpg
72
2.449
527904
CCTV_4-12-53-35-007.mpg
26
0.886
526588
CCTV_4-18-02-28-003.mpg
315
10.810
522264
CCTV_9-12-02-46-001.mpg
516
17.133
242144
CCTV_9-12-02-46-002.mpg
2
0.067
172208
CCTV_9-19-32-47-001.mpg
427
14.640
25568
CCTV_9-20-00-54-007.mpg
19
0.634
198904
DW-TV_ASIA+_20091221_215844_002.mpg
257
10.252
239512
DW-TV_ASIA+_20091221_222418_007.mpg
515
20.248
9964
DW-TV_ASIA+_20100105_165643_004.mpg
904
35.964
57724
DW-TV_ASIA+_20100105_172744_003.mpg
635
25.044
522136
DW-TV_ASIA+_20100105_175318_008.mpg
27.310
571332
DW-TV_ASIA+_20100105_185258_009.mpg
792
31.669
512112
DW-TV_ASIA+_20100105_192704_004.mpg
377
15.002
585996
DW-TV_ASIA+_20100110_105351_008.mpg
756
30.251
495944
PTV_NEWS_20091215_095632_005.mpg
214
8.665
83096
PTV_NEWS_20091215_085925_001.mpg
573
22.902
390288
PTV_NEWS_20091215_112920_003.mpg
176
7.047
456652
PTV_NEWS_20091215_115753_002.mpg
1071
27.117
614948
PTV_NEWS_20091215_122627_005.mpg
797
31.877
455900
PTV_NEWS_20091215_145622_005.mpg
180
7.280
506284
PTV_NEWS_20091215_165744_003.mpg
814
32.587
432212
PRESS_TV-17-30-01-003.mpg
14
0.571
10904
PRESS_TV-20-27-23-006.mpg
200
8.199
410028
PRESS_TV-17-33-34-004.mpg
307
12.269
20304
PRESS_TV-18-33-51-003.mpg
14
0.560
843728